Sub	Age	Version	Gender	cubes_acc1	cubes_acc2	objects_acc1	objects_acc2	bodies_acc1	bodies_acc2	cubes_rt1	cubes_rt2	objects_rt1	objects_rt2	bodies_rt1	bodies_rt2	cubes_acc	objects_acc	bodies_acc	total_score	cubes_rt	objects_rt	bodies_rt	mean_rt	ST_score	st_score_group	ST_rt	st_speed_group	object_scale	object_scale_group	spatial_scale	spatial_scale_group	Verbal scale	OSIQV_style	CFS_score	CFS_group	reflection_score	rumination_score	preoccupation_score
1	35	A	F	0.7	0.9	0.76	0.63	0.87	0.73	2.71	2.58	1.71	1.96	2.54	1.98	0.9	0.7	0.8	0.765	2.65	1.84	3.53	2.673333333	242	low	312	fast	64	high	51	high	33	object	54	high	11	6	7
2	21	A	M	0.6	0.96	0.97	0.97	0.87	0.9	2.35	2.12	0.89	0.95	1.74	1.84	0.78	0.97	0.88	0.878333333	2.24	0.92	2.66	1.94	184	low	399	fast	63	high	60	high	45	object	53	low	6	5	5
3	21	A	M	0.77	0.8	0.97	0.97	0.87	0.93	2.03	2.14	1.38	1.03	1.91	1.7	0.78	0.97	0.9	0.885	2.09	1.21	2.76	2.02	405	high	364	fast	50	low	34	low	32	object	48	low	5	5	5
4	20	A	F	0.74	0.5	0.87	0.87	0.67	0.84	1.58	2.72	1.42	1.46	1.64	1.29	0.78	0.87	0.75	0.748333333	2.15	1.44	2.29	1.96	420	high	460	slow	62	high	48	high	45	object	52	low	16	13	8
5	28	A	M	0.74	0.93	0.8	0.9	0.9	0.9	1.67	1.13	1.32	1.31	1.12	1.07	0.83	0.85	0.9	0.861666667	1.4	1.32	1.66	1.46	202	low	545	slow	62	high	55	high	53	object	56	high	11	6	7
6	27	A	F	0.77	0.8	0.87	0.77	0.9	0.8	1.55	1.31	1.03	0.84	1.18	0.99	0.78	0.82	0.85	0.818333333	1.43	0.94	1.68	1.35	415	high	482	slow	45	low	34	low	43	object	48	low	15	11	15
7	27	A	M	0.83	0.93	0.93	0.93	0.97	0.93	2.48	2.54	2.08	1.89	2.08	2.28	0.88	0.93	0.95	0.92	2.51	1.99	3.22	2.573333333	319	low	292	fast	56	high	43	low	42	object	52	low	6	6	5
8	22	A	F	0.53	0.5	0.8	0.9	0.67	0.87	2.53	1.95	1.33	0.97	1.57	1.87	0.52	0.85	0.77	0.711666667	2.24	1.15	2.51	1.966666667	559	high	403	fast	40	low	28	low	44	object	55	high	6	7	7
9	28	A	F	0.53	0.73	0.83	0.97	0.73	0.83	1.63	1.77	1.42	1.44	1.8	1.74	0.63	0.9	0.78	0.77	1.7	1.43	2.67	1.933333333	649	high	660	slow	41	low	32	low	44	object	50	low	12	7	6
10	19	A	F	0.97	0.97	0.9	0.97	0.97	0.97	1.85	0.93	0.61	0.45	0.76	0.61	0.97	0.93	0.97	0.958333333	1.39	0.53	1.07	0.996666667	516	high	450	slow	55	high	42	low	45	object	55	high	9	9	8
11	28	B	M	0.83	0.9	0.9	0.9	0.87	0.9	1.72	1.79	1.8	1.61	1.75	1.39	0.87	0.9	0.83	0.883333333	1.76	1.71	2.45	1.973333333	413	high	551	slow	49	low	45	low	50	object	58	high	10	5	7
12	20	B	F	0.73	0.87	0.67	0.8	0.7	0.9	1.43	1.36	1.15	1.12	1.31	1.28	0.8	0.73	0.8	0.778333333	1.4	1.14	1.95	1.496666667	263	low	507	slow	56	high	44	low	34	object	48	low	6	5	6
13	35	B	M	0.7	0.73	0.8	0.93	0.73	0.9	2.37	2.49	2.29	2.21	2.64	2.14	0.72	0.93	0.82	0.798333333	2.43	2.25	3.71	2.796666667	283	low	299	fast	62	high	54	high	43	object	55	high	6	5	9
14	31	B	M	0.8	0.73	0.77	0.87	0.83	0.8	1.19	1.15	1.33	1.34	1.78	1.4	0.77	0.82	0.82	0.8	1.17	1.34	2.48	1.663333333	594	high	502	slow	50	low	47	low	36	object	57	high	5	5	5
15	23	B	M	0.77	0.57	0.63	0.83	0.63	0.67	1.22	1.1	1.28	1.43	1.98	1.53	0.67	0.73	0.65	0.683333333	1.16	1.36	2.75	1.756666667	309	low	311	fast	35	low	51	high	35	spatial	50	low	7	7	6
16	29	B	M	0.8	0.9	0.87	0.97	0.87	0.9	0.89	0.84	0.95	0.83	1.21	0.94	0.85	0.912	0.88	0.885	0.87	0.89	1.68	1.146666667	442	high	529	slow	51	low	53	high	45	spatial	56	high	5	6	8
17	21	B	F	0.63	0.8	0.67	0.67	0.53	0.67	1.6	1.53	1.71	1.64	1.76	1.88	0.72	0.67	0.6	0.661666667	1.57	1.68	2.7	1.983333333	630	high	290	fast	51	low	49	high	49	object	59	high	20	7	12
18	25	B	F	0.9	0.87	0.97	0.67	0.87	0.97	1.11	1.02	0.82	0.8	1.06	1	0.88	0.92	0.92	0.875	1.07	0.81	1.56	1.146666667	294	low	242	fast	51	low	57	high	36	spatial	53	low	10	6	8
19	23	B	F	0.87	0.87	0.97	0.87	0.83	0.83	1.58	1.47	1.55	1.38	1.63	1.42	0.87	0.95	0.83	0.873333333	1.53	1.47	2.34	1.78	302	low	416	fast	62	high	41	low	25	object	40	low	17	13	13
20	20	B	F	0.87	0.9	0.87	0.97	0.97	0.97	1.01	0.85	1.22	0.83	1.76	1.65	0.88	0.92	0.97	0.925	0.93	1.03	2.59	1.516666667	453	high	536	slow	71	high	39	low	55	object	61	high	13	7	9
21	22	C	M	0.83	0.83	0.73	0.93	0.9	0.97	1.45	1.33	1.83	1.36	1.44	1.24	0.83	0.83	0.93	0.865	1.39	1.6	2.06	1.683333333	474	high	425	fast	53	high	47	low	54	object	61	high	15	7	6
22	21	C	M	0.83	0.73	0.83	0.97	0.97	0.9	1.58	1.51	1.58	1.33	1.58	1.51	0.82	0.9	0.93	0.871666667	1.55	1.46	2.34	1.783333333	282	low	419	fast	46	low	57	high	39	spatial	54	high	8	6	5
23	20	C	F	0.73	0.87	0.8	0.9	0.87	0.93	1.27	1.32	1.63	0.97	1.32	1.06	0.8	0.85	0.9	0.85	1.3	1.3	1.85	1.483333333	300	low	316	fast	52	high	49	high	42	object	49	low	10	6	8
25	25	C	F	0.63	0.77	0.77	0.9	0.8	0.93	2.04	1.89	2.72	2.33	2.15	1.94	0.73	0.83	0.87	0.8	1.97	2.53	3.12	2.54	387	high	505	slow	47	low	41	low	37	object	50	low	10	6	7
26	35	C	F	0.73	0.73	0.73	0.7	0.73	0.9	2.11	2.05	2.2	2.17	2.4	2.5	0.73	0.72	0.82	0.753333333	2.08	2.19	3.65	2.64	698	high	523	slow	53	high	42	low	39	object	54	high	12	5	5
27	20	C	F	0.83	0.87	0.83	0.9	0.9	0.93	1.38	1.29	1.37	0.96	1.45	1.17	0.85	0.87	0.92	0.876666667	1.34	1.17	2.04	1.516666667	363	high	600	slow	39	low	58	high	39	spatial	55	low	5	5	5
28	24	C	F	0.73	0.73	0.77	0.83	0.87	0.87	1.81	1.36	2.09	1.88		1.58	0.73	0.8	0.87	0.8	1.59	1.99	0.79	1.456666667	467	high	286	fast	50	low	40	low	51	object	51	low	6	6	6
29	31	C	M	0.7	0.83	0.87	0.97	0.87	0.87	0.97	1.2	1.2	0.97	0.91	0.95	0.77	0.92	0.87	0.851666667	1.09	1.09	1.39	1.19	138	low	453	slow	45	low	51	high	46	spatial	62	high	5	5	5
31	27	A	M	0.83	0.73	0.9	0.97	0.9	0.93	1.34	1.08	0.87	0.93	1.4	1.43	0.78	0.93	0.92	0.876666667	1.21	0.9	2.12	1.41	267	low	317	fast	57	high	49	high	42	object	53	low	9	5	6
32	30	A	M	0.8	0.83	1	0.93	0.83	0.83	1.56	1.53	0.87	0.79	1.43	1.54	0.82	0.97	0.83	0.87	1.55	0.83	2.2	1.526666667	305	low	431	slow	57	high	46	low	29	object	55	high	13	5	6
33	25	A	F	0.63	0.7	0.97	0.9	0.83	0.9	1.72	1.81	1	0.96	1.58	1.3	0.67	0.93	0.87	0.821666667	1.77	0.98	2.23	1.66	424	high	331	fast	61	high	49	high	39	object	50	low	6	7	9
35	22	A	F	0.6	0.97	0.9	0.9	0.83	0.93	1.53	1.37	0.83	0.98	1.22	1.04	0.78	0.9	0.88	0.855	1.45	0.91	1.74	1.366666667	219	low	314	fast	47	low	53	high	35	spatial	57	high	12	7	7
36	23	A	F	0.7	0.67	0.97	0.97	0.77	0.97	2.18	2.11	1.45	1.54	1.62	1.74	0.68	0.97	0.87	0.841666667	2.15	1.5	2.49	2.046666667	437	high	339	fast	55	high	45	low	48	object	48	low	10	7	8
37	20	A	M	0.7	0.73	0.93	0.97	0.87	0.8	1.85	1.85	1.29	0.9	1.69	1.61	0.72	0.95	0.83	0.833333333	1.85	1.1	2.5	1.816666667	239	low	501	slow	57	high	50	high	44	object	50	low	12	11	8
38	32	A	M	0.6	0.73	0.9	0.9	0.63	0.83	1.55	1.21	1.23	1.28	1.01	1.37	0.66	0.93	0.73	0.765	1.38	1.26	1.7	1.446666667	320	low	229	fast	60	high	48	high	39	object	59	high	5	6	7
40	21	A	M	0.83	0.87	0.9	0.87	0.87	0.83	2.3	2.2	1.8	1.7	2.3	2.3	0.8	0.88	0.8	0.861666667	2.25	1.75	3.45	2.483333333	172	low	470	slow	49	low	51	high	50	spatial	54	high	8	6	5
41	22	C	M	0.8	0.93	0.87	0.97	0.87	0.66	1.5	1.6	1.8	1.73	1.77	1.4	0.87	0.92	0.77	0.85	1.55	1.77	2.47	1.93	583	high	600	slow	50	low	46	low	48	object	55	high	5	5	5
43	21	C	M	0.73	0.8	0.83	0.87	0.76	0.83	1.79	1.82	1.7	1.58	1.94	1.65	0.8	0.85	0.8	0.803333333	1.81	1.64	2.77	2.073333333	298	low	456	slow	49	low	44	low	44	object	52	low	12	9	11
44	26	C	M	0.8	0.6	0.87	0.83	0.6	0.97	0.74	0.81	0.97	0.71	1.43	1.03	0.7	0.85	0.78	0.778333333	0.78	0.84	1.95	1.19	531	high	337	fast	51	low	42	low	51	object	65	high	12	6	7
45	21	B	M	0.8	0.83	0.87	0.93	0.93	0.73	1.4	1.19	1.59	1.43	1.76	1.7	0.82	0.9	0.83	0.848333333	1.3	1.51	2.61	1.806666667	478	high	510	slow	44	low	55	high	34	spatial	53	low	9	5	5
46	30	B	F	0.9	0.83	0.6	0.93	0.7	0.8	1.5	1.37	1.33	1.35	1.22	1.27	0.87	0.8	0.75	0.793333333	1.44	1.34	1.86	1.546666667	329	low	536	slow	51	low	43	low	44	object	58	high	5	5	6
47	24	B	M	0.76	0.67	0.87	0.9	0.73	0.76	0.59	0.93	0.78	0.64	0.66	0.66	0.72	0.88	0.75	0.781666667	0.76	0.71	0.99	0.82	687	high	328	fast	35	low	47	low	42	spatial	46	low	9	5	6
48	26	B	F	0.9	0.93	0.76	0.83	0.83	0.9	1.62	1.79	1.94	1.99	1.9	1.79	0.92	0.8	0.87	0.858333333	1.71	1.97	2.8	2.16	202	low	248	fast	51	low	58	high	32	spatial	48	low	9	6	5
49	22	B	F	0.97	0.87	0.8	0.93	0.97	0.97	1.39	1.56	1.15	1.11	1.18	1.2	0.92	0.87	0.97	0.918333333	1.48	1.13	1.78	1.463333333	340	low	455	slow	50	low	56	high	36	spatial	53	low	5	5	5
50	25	B	F	0.63	0.53	0.73	0.73	0.43	0.6	1.71	1.88	1.95	1.84	1.98	1.76	0.58	0.73	0.52	0.608333333	1.8	1.9	2.86	2.186666667	506	high	877	slow	52	high	36	low	38	object	62	high	12	5	9
51	29	B	M	0.7	0.77	0.77	0.93	0.83	0.87	1.57	1.32	2.07	1.71	1.78	1.69	0.73	0.85	0.85	0.811666667	1.45	1.89	2.63	1.99	235	low	314	fast	46	low	44	low	48	object	60	high	9	5	5
52	25	B	M	0.8	0.8	0.67	0.83	0.7	0.63	1.57	1.62	1.28	1.66	1.45	1.3	0.8	0.75	0.67	0.738333333	1.6	1.47	2.1	1.723333333	599	high	427	fast	67	high	49	high	53	object	61	high	11	7	5
53	25	B	F	0.67	0.67	0.77	0.8	0.77	0.8	1.73	1.47	1.85	1.81	1.67	1.75	0.67	0.78	0.78	0.746666667	1.6	1.83	2.55	1.993333333	544	high	453	slow	60	high	50	high	35	object	50	low	5	5	5
54	27	C	F	0.87	0.87	0.93	0.97	0.83	0.9	1.12	0.84	0.77	0.85	1.52	0.78	0.93	0.95	0.87	0.895	0.98	0.81	1.91	1.233333333	302	low	237	fast	64	high	52	high	33	object	50	low	11	8	6
55	20	B	M	0.73	0.87	0.83	0.9	0.8	1	1.37	1.32	1.44	1.54	1.72	1.18	0.8	0.87	0.9	0.855	1.35	1.49	2.31	1.716666667	348	high	623	slow	61	high	45	low	47	object	52	low	6	5	6
56	21	B	M	0.83	0.83	0.87	0.9	0.93	1	1.6	1.42	1.84	1.69	1.73	1.42	0.83	0.88	0.97	0.893333333	1.51	1.77	2.44	1.906666667	359	high	600	slow	63	high	38	low	43	object	50	low	10	6	8
57	25	C	F	0.9	0.83	0.9	0.97	0.83	0.87	0.92	0.85	1.31	1.09	1.68	1.48	0.87	0.93	0.85	0.883333333	0.89	1.2	2.42	1.503333333	334	low	593	slow	64	high	49	high	45	object	62	high	16	12	11
58	26	B	M	0.87	0.93	0.93	0.97	1	0.97	1.24	1.47	1.02	1.4	1.13	1.21	0.9	0.95	0.98	0.945	1.36	1.21	1.74	1.436666667	323	low	362	fast	38	low	50	high	52	spatial	59	high	5	6	9
59	26	C	M	0.83	0.83	0.93	0.97	0.97	0.93	1.24	1.21	1.04	1.19	1.77	1.04	0.83	0.95	0.98	0.91	1.23	1.12	2.29	1.546666667	202	low	350	fast	48	low	48	high	48	spatial	48	low	12	7	10
60	23	C	F	0.73	0.7	0.53	0.7	0.8	0.57	2.35	2.76	2.35	2.53	1.61	2.12	0.72	0.62	0.68	0.671666667	2.56	2.44	2.67	2.556666667	324	low	543	slow	56	high	48	high	33	object	54	high	7	6	8